0000011001000000
0000000000010000
0000000000010000
0000000000011000
0000000000011001
0000000000011001
0000000000011001
0000000000011001
0000000000011001
0000000000011001
0000000000011000
0000000000011000
0000000000011000
0000000000011000
0000000000011000
0000000000011000
0000000000011000
0000000000011000
0000000000011000
0000000000011001
0000000000011001
0000000000011000
0000000000011000
0000000000011000
0000000000011000
0000000000011000
0000000000011000
0000000000011001
0000000000011001
0000000000011001
0000000000011001
0000000000011001
0000000000011000
0000000000011000
0000000000011000
0000000000011000
0000000000011001
0000000000011000
0000000000011000
0000000000011000
0000000000011000
0000000000011000
0000000000011000
0000000000011000
0000000000011001
0000000000011000
0000000000011000
0000000000011000
0000000000011000
0000000000011000
0000000000011000
0000000000011000
0000000000011000
0000000000011000
0000000000011000
0000000000011000
0000000000011000
0000000000011001
0000000000011000
0000000000011000
0000000000011001
0000000000011001
0000000000011001
0000000000011001
0000000000011001
0000000000011000
0000000000011001
0000000000011001
0000000000011001
0000000000011001
0000000000011001
0000000000011000
0000000000011001
0000000000011001
0000000000011001
0000000000011001
0000000000011001
0000000000011000
0000000000011001
0000000000011000
0000000000011000
0000000000011000
0000000000011000
0000000000011000
0000000000011000
0000000000011000
0000000000011000
0000000000011000
0000000000011000
0000000000011000
0000000000011000
0000000000011000
0000000000011000
0000000000011000
0000000000011000
0000000000011001
0000000000011000
0000000000011000
0000000000011000
0000000000011000
0000000000011000
0000000000011000
0000000000011000
0000000000011000
0000000000011000
0000000000011000
0000000000011000
0000000000011000
0000000000011000
0000000000011000
0000000000011000
0000000000011000
0000000000011000
0000000000011000
0000000000011000
0000000000011000
0000000000011000
0000000000011000
0000000000011000
0000000000011000
0000000000011000
0000000000011000
0000000000011000
0000000000011000
0000000000011000
0000000000011000
0000000000011000
0000000000011001
0000000000011000
0000000000011000
0000000000011001
0000000000011000
0000000000011000
0000000000011000
0000000000011001
0000000000011000
0000000000011000
0000000000011001
0000000000011000
0000000000011001
0000000000011000
0000000000011001
0000000000011001
0000000000011000
0000000000011001
0000000000011001
0000000000011001
0000000000011001
0000000000011001
0000000000011001
0000000000011000
0000000000010110
0000000000010111
0000000010100111
0000000010100111
0000000010100111
0000000010100111
0000000010100111
0000000010100111
0000000010100111
0000000010100111
0000000010100111
0000000010100010
0000000000010111
0000000010100111
0000000010100111
0000000010100111
0000000010100111
0000000010100111
0000000010100111
0000000010100111
0000000010100111
0000000010100111
0000000010100001
0000000000010111
0000000010100111
0000000010100111
0000000010100111
0000000010100111
0000000010100111
0000000010100111
0000000010100111
0000000010100111
0000000010100111
0000000010100100
0000000000010111
0000000010100111
0000000010100111
0000000010100111
0000000010100111
0000000010100111
0000000010100111
0000000010100111
0000000010100111
0000000010100111
0000000010101011
0000000000010111
0000000010100111
0000000010100111
0000000010100111
0000000010100111
0000000010100111
0000000010100111
0000000010100111
0000000010100111
0000000010100111
0000000010101100
0000000000010111
0000000010100111
0000000010100111
0000000010100111
0000000010100111
0000000010100111
0000000010100111
0000000010100111
0000000010100111
0000000010100111
0000000010101101
0000000000010111
0000000010100111
0000000010100111
0000000010100111
0000000010100111
0000000010100111
0000000010100111
0000000010100111
0000000010100111
0000000010100111
0000000010101110
0000000000010111
0000000010100111
0000000010100111
0000000010100111
0000000010100111
0000000010100111
0000000010100111
0000000010100111
0000000010100111
0000000010100111
