0000000000000110
0000000000000001
0000000000000011
0011000111110011
0011000111110011
0011000111110011
0011000111110011
0011000111110011
0011000111110011
0011000111110011
0011000111110011
0011000111110011
0011000111110011
0011000111110011
0011000111110011
0011000111110011
0011000111110011
0011000111110011
0011000111110011
0011000111110011
0011000111110011
0011000111110011
0011000111110011
0011000111110011
0011000111110011
0011000111110011
0011000111110011
0011000111110011
0011000111110011
0011000111110011
0011000111110011
0011000111110011
0011000111110011
0011000111110011
0011000111110011
0011000111110011
0011000111110011
0011000111110011
0011000111110011
0011000111110011
0011000111110011
0011000111110011
