0000000000000110
0000000000001000
0000000000001001
0000000000001001
0000000000001001
0000000000001001
0000000000001001
0000000000001001
0000000000001000
0000000000001000
0000000000001000
0000000000001000
0000000000001000
0000000000001000
0000000000001000
0000000000001000
0000000000001000
0000000000001001
0000000000001001
0000000000001000
0000000000001000
0000000000001000
0000000000001000
0000000000001000
0000000000001000
0000000000001001
0000000000001001
0000000000001001
0000000000001001
0000000000001001
0000000000001000
0000000000001000
0000000000001000
0000000000001000
0000000000001001
0000000000001000
0000000000001000
0000000000001000
0000000000001000
0000000000001000
0000000000001000
0000000000001000
0000000000001001
0000000000001000
0000000000001000
0000000000001000
0000000000001000
0000000000001000
0000000000001000
0000000000001000
0000000000001000
0000000000001000
0000000000001000
0000000000001000
0000000000001000
0000000000001001
0000000000001000
0000000000001000
0000000000001000
0000000000001001
0000000000001000
0000000000001001
0000000000001000
0000000000001000
0000000000001000
0000000000001001
0000000000001000
0000000000001000
0000000000001000
0000000000001000
0000000000001000
0000000000001000
0000000000001000
0000000000001000
0000000000001000
0000000000001000
0000000000001000
0000000000001000
0000000000001000
0000000000001000
0000000000001000
0000000000001000
0000000000001000
0000000000001000
0000000000001000
0000000000001000
0000000000001000
0000000000001000
0000000000001000
0000000000001000
0000000000001001
0000000000001000
0000000000001000
0000000000001000
0000000000001000
0000000000001001
0000000000001001
0000000000001000
0000000000001000
0000000000001001
0000000000001000
0000000000001000
0000000000001000
0000000000001000
0000000000001000
0000000000001000
0000000000001000
0000000000001000
0000000000001000
0000000000001000
0000000000001000
0000000000001000
0000000000001000
0000000000001000
0000000000001000
0000000000001000
0000000000001000
0000000000001000
0000000000001000
0000000000001000
0000000000001000
0000000000001000
0000000000001000
0000000000001000
0000000000001000
0000000000001001
0000000000001000
0000000000001001
0000000000001001
0000000000001000
0000000000001001
0000000000001000
0000000000001000
0000000000001001
0000000000001000
0000000000001001
0000000000001001
0000000000001000
0000000000001000
0000000000001001
0000000000001001
0000000000001001
0000000000001001
0000000000001001
0000000000001001
0000000000001000
0111110011110001
0000000000000011
0011111001110011
0011111001110011
0011111001110011
0011111001110011
0011111001110011
0011111001110011
0011111001110011
0011111001110011
0011111001110011
0011111001110011
0011111001110011
0011111001110011
0011111001110011
0011111001110011
0011111001110011
0011111001110011
0011111001110011
0011111001110011
0011111001110011
0011111001110011
0011111001110011
0011111001110011
0011111001110011
0011111001110011
0011111001110011
0011111001110011
0011111001110011
0011111001110011
0011111001110011
0011111001110011
0011111001110011
0011111001110011
0011111001110011
0011111001110011
0011111001110011
0011111001110011
0011111001110011
0011111001110011
0011111001110011
0011111001110011
0011111001110011
0011111001110011
0011111001110011
0011111001110011
0011111001110011
0011111001110011
0011111001110011
0011111001110011
0011111001110011
0011111001110011
0011111001110011
0011111001110011
0011111001110011
0011111001110011
0011111001110011
0011111001110011
0011111001110011
0011111001110011
0011111001110011
0011111001110011
0011111001110011
0011111001110011
0011111001110011
0011111001110011
0011111001110011
0011111001110011
0011111001110011
0011111001110011
0011111001110011
0011111001110011
0011111001110011
0011111001110011
0011111001110011
0011111001110011
0011111001110011
0011111001110011
0011111001110011
0011111001110011
0011111001110011
0011111001110011
0011111001110011
0011111001110011
0011111001110011
0011111001110011
0011111001110011
0011111001110011
0011111001110011
0011111001110011
0011111001110011
0011111001110011
0011111001110011
0011111001110011
0011111001110011
0011111001110011
0011111001110011
0011111001110011
0011111001110011
0011111001110011
0011111001110011
