0000000000001000
0000000000001001
0000000000001001
0000000000001001
0000000000001001
0000000000001001
0000000000001001
0000000000001000
0000000000001000
0000000000001000
0000000000001000
0000000000001000
0000000000001000
0000000000001000
0000000000001000
0000000000001000
0000000000001001
0000000000001001
0000000000001000
0000000000001000
0000000000001000
0000000000001000
0000000000001000
0000000000001000
0000000000001001
0000000000001001
0000000000001001
0000000000001001
0000000000001001
0000000000001000
0000000000001000
0000000000001000
0000000000001000
0000000000001001
0000000000001000
0000000000001000
0000000000001000
0000000000001000
0000000000001000
0000000000001000
0000000000001000
0000000000001001
0000000000001000
0000000000001000
0000000000001000
0000000000001000
0000000000001000
0000000000001000
0000000000001000
0000000000001000
0000000000001000
0000000000001000
0000000000001000
0000000000001000
0000000000001001
0000000000001000
0000000000001000
0000000000001001
0000000000001000
0000000000001000
0000000000001000
0000000000001000
0000000000001000
0000000000001000
0000000000001001
0000000000001000
0000000000001000
0000000000001000
0000000000001000
0000000000001000
0000000000001000
0000000000001000
0000000000001000
0000000000001000
0000000000001000
0000000000001000
0000000000001000
0000000000001000
0000000000001000
0000000000001000
0000000000001000
0000000000001000
0000000000001000
0000000000001000
0000000000001000
0000000000001000
0000000000001000
0000000000001000
0000000000001000
0000000000001000
0000000000001000
0000000000001000
0000000000001000
0000000000001000
0000000000001000
0000000000001000
0000000000001000
0000000000001000
0000000000001000
0000000000001000
0000000000001000
0000000000001000
0000000000001000
0000000000001000
0000000000001000
0000000000001000
0000000000001000
0000000000001000
0000000000001000
0000000000001000
0000000000001000
0000000000001000
0000000000001000
0000000000001000
0000000000001000
0000000000001000
0000000000001000
0000000000001000
0000000000001000
0000000000001000
0000000000001000
0000000000001001
0000000000001001
0000000000001000
0000000000001000
0000000000001000
0000000000001001
0000000000001001
0000000000001001
0000000000001000
0000000000001001
0000000000001001
0000000000001001
0000000000001001
0000000000001001
0000000000001000
0000000000001001
0000000000001001
0000000000001000
0000000000001001
0000000000001001
0000000000001001
0000000000001001
0000000000001001
0000000000001001
0000000000001000
0000110001111000
0000000000001001
0000000000001001
0000000000001001
0000000000001001
0000000000001001
0000000000001001
0000000000001000
0000000000001000
0000000000001000
0000000000001000
0000000000001000
0000000000001000
0000000000001000
0000000000001000
0000000000001000
0000000000001001
0000000000001001
0000000000001000
0000000000001000
0000000000001000
0000000000001000
0000000000001000
0000000000001000
0000000000001001
0000000000001001
0000000000001001
0000000000001001
0000000000001001
0000000000001000
0000000000001000
0000000000001000
0000000000001000
0000000000001000
0000000000001001
0000000000001000
0000000000001000
0000000000001000
0000000000001000
0000000000001000
0000000000001000
0000000000001001
0000000000001000
0000000000001000
0000000000001000
0000000000001000
0000000000001000
0000000000001000
0000000000001000
0000000000001000
0000000000001000
0000000000001000
0000000000001000
0000000000001000
0000000000001001
0000000000001000
0000000000001000
0000000000001001
0000000000001001
0000000000001001
0000000000001001
0000000000001001
0000000000001000
0000000000001001
0000000000001001
0000000000001001
0000000000001001
0000000000001001
0000000000001000
0000000000001001
0000000000001001
0000000000001001
0000000000001001
0000000000001001
0000000000001000
0000000000001001
0000000000001000
0000000000001000
0000000000001000
0000000000001000
0000000000001000
0000000000001000
0000000000001000
0000000000001000
0000000000001000
0000000000001000
0000000000001000
0000000000001000
0000000000001000
0000000000001000
0000000000001000
0000000000001000
0000000000001001
0000000000001000
0000000000001000
0000000000001000
0000000000001000
0000000000001000
0000000000001000
0000000000001000
0000000000001000
0000000000001000
0000000000001000
0000000000001000
0000000000001000
0000000000001000
0000000000001000
0000000000001000
0000000000001000
0000000000001000
0000000000001000
0000000000001000
0000000000001000
0000000000001000
0000000000001000
0000000000001000
0000000000001000
0000000000001000
0000000000001000
0000000000001000
0000000000001000
0000000000001000
0000000000001000
0000000000001000
0000000000001000
0000000000001001
0000000000001000
0000000000001001
0000000000001001
0000000000001001
0000000000001000
0000000000001000
0000000000001000
0000000000001001
0000000000001000
0000000000001001
0000000000001000
0000000000001001
0000000000001000
0000000000001000
0000000000001000
0000000000001001
0000000000001001
0000000000001001
0000000000001001
0000000000001001
0000000000001001
0000000000001000
0000110001110110
0000000000000001
0000000000000010
0000000000000100
0000000010010111
0000000010010111
0000000010010111
0000000010010111
0111110011111000
0000000000001001
0000000000001001
0000000000001001
0000000000001001
0000000000001001
0000000000001001
0000000000001000
0000000000001000
0000000000001000
0000000000001000
0000000000001000
0000000000001000
0000000000001000
0000000000001000
0000000000001000
0000000000001001
0000000000001001
0000000000001000
0000000000001000
0000000000001000
0000000000001000
0000000000001000
0000000000001000
0000000000001001
0000000000001001
0000000000001001
0000000000001001
0000000000001001
0000000000001000
0000000000001000
0000000000001000
0000000000001000
0000000000001001
0000000000001001
0000000000001000
0000000000001000
0000000000001000
0000000000001000
0000000000001000
0000000000001000
0000000000001001
0000000000001000
0000000000001000
0000000000001000
0000000000001000
0000000000001000
0000000000001000
0000000000001000
0000000000001000
0000000000001000
0000000000001000
0000000000001000
0000000000001000
0000000000001001
0000000000001000
0000000000001000
0000000000001001
0000000000001001
0000000000001001
0000000000001001
0000000000001001
0000000000001000
0000000000001001
0000000000001001
0000000000001001
0000000000001001
0000000000001001
0000000000001000
0000000000001001
0000000000001001
0000000000001001
0000000000001001
0000000000001001
0000000000001000
0000000000001001
0000000000001000
0000000000001000
0000000000001000
0000000000001000
0000000000001000
0000000000001000
0000000000001000
0000000000001000
0000000000001000
0000000000001000
0000000000001000
0000000000001000
0000000000001000
0000000000001000
0000000000001000
0000000000001000
0000000000001000
0000000000001000
0000000000001000
0000000000001000
0000000000001000
0000000000001000
0000000000001000
0000000000001000
0000000000001000
0000000000001000
0000000000001000
0000000000001000
0000000000001000
0000000000001000
0000000000001000
0000000000001000
0000000000001000
0000000000001000
0000000000001000
0000000000001000
0000000000001000
0000000000001000
0000000000001000
0000000000001000
0000000000001000
0000000000001000
0000000000001000
0000000000001000
0000000000001000
0000000000001000
0000000000001000
0000000000001000
0000000000001000
0000000000001000
0000000000001000
0000000000001000
0000000000001001
0000000000001000
0000000000001000
0000000000001000
0000000000001001
0000000000001001
0000000000001000
0000000000001000
0000000000001000
0000000000001001
0000000000001001
0000000000001000
0000000000001000
0000000000001001
0000000000001001
0000000000001001
0000000000001001
0000000000001001
0000000000001001
0000000000001000
0000110001110101
