0000000000000001
0000000000000011
0000001001110011
0000001001110011
0000001001110011
0000001001110011
0000001001110011
0000001001110011
0000001001110011
0000001001110011
0000001001110011
0000001001110011
0000001001110011
0000001001110011
0000001001110011
0000001001110011
0000001001110011
0000001001110011
0000001001110011
0000001001110011
0000001001110011
0000001001110011
0000001001110011
0000001001110011
0000001001110011
0000001001110011
0000001001110011
0000001001110011
0000001001110011
0000001001110011
0000001001110011
0000001001110011
0000001001110011
0000001001110011
0000001001110011
0000001001110011
0000001001110011
0000001001110011
0000001001110011
